date,Fear,Joy,Sadness,Surprise
2020_02_01,0.654,0.22,0.056,0.07
2020_02_02,0.76,0.16,0.04,0.04
2020_02_03,0.694,0.2,0.056,0.05
2020_02_04,0.746,0.146,0.064,0.044
2020_02_05,0.6404494382022472,0.24943820224719102,0.060674157303370786,0.04943820224719101
2020_02_06,0.5965770171149144,0.2713936430317848,0.07090464547677261,0.061124694376528114
2020_02_07,0.684,0.184,0.082,0.05
2020_02_08,0.6337719298245614,0.25219298245614036,0.06140350877192982,0.05263157894736842
2020_02_09,0.6804878048780488,0.22682926829268293,0.05365853658536585,0.03902439024390244
2020_02_10,0.6310679611650486,0.22815533980582525,0.07766990291262135,0.06310679611650485
2020_02_11,0.6200873362445415,0.23799126637554585,0.08733624454148471,0.05458515283842795
2020_02_12,0.6,0.22409638554216868,0.09397590361445783,0.0819277108433735
2020_02_13,0.6474820143884892,0.20863309352517986,0.07673860911270983,0.0671462829736211
2020_02_14,0.6005917159763313,0.27514792899408286,0.0621301775147929,0.0621301775147929
2020_02_15,0.6233333333333333,0.24333333333333335,0.08,0.05333333333333334
2020_02_16,0.6914600550964187,0.17079889807162535,0.06336088154269973,0.0743801652892562
2020_02_17,0.6818181818181818,0.20909090909090908,0.048484848484848485,0.06060606060606061
2020_02_18,0.6744186046511628,0.19601328903654486,0.0664451827242525,0.06312292358803986
2020_02_19,0.6536964980544747,0.22178988326848248,0.07003891050583658,0.054474708171206226
2020_02_20,0.6506024096385542,0.20883534136546184,0.07228915662650602,0.06827309236947791
2020_02_21,0.7045454545454546,0.15,0.05,0.09545454545454546
2020_02_22,0.726027397260274,0.20205479452054795,0.04452054794520548,0.0273972602739726
2020_02_23,0.6966292134831461,0.1797752808988764,0.06460674157303371,0.05898876404494382
2020_02_24,0.7161125319693095,0.17391304347826086,0.061381074168797956,0.04859335038363171
2020_02_25,0.7219730941704036,0.1547085201793722,0.07623318385650224,0.04708520179372197
2020_02_26,0.73,0.172,0.068,0.03
2020_02_27,0.742,0.152,0.046,0.06
2020_02_28,0.68,0.162,0.064,0.094
2020_02_29,0.696,0.156,0.066,0.082
2020_03_01,0.688,0.164,0.088,0.06
2020_03_02,0.666,0.178,0.068,0.088
2020_03_03,0.726,0.156,0.056,0.062
2020_03_04,0.658,0.184,0.084,0.074
2020_03_05,0.642,0.216,0.082,0.06
2020_03_06,0.67,0.208,0.064,0.058
2020_03_07,0.606,0.238,0.084,0.072
2020_03_08,0.666,0.192,0.064,0.078
2020_03_09,0.576,0.254,0.078,0.092
2020_03_10,0.654,0.17,0.084,0.092
2020_03_11,0.67,0.178,0.08,0.072
2020_03_12,0.57,0.202,0.128,0.1
2020_03_13,0.644,0.186,0.084,0.086
2020_03_14,0.616,0.21,0.1,0.074
2020_03_15,0.66,0.18,0.078,0.082
2020_03_16,0.648,0.208,0.078,0.066
2020_03_17,0.628,0.208,0.078,0.086
2020_03_18,0.686,0.198,0.078,0.038
2020_03_19,0.654,0.22,0.062,0.064
2020_03_20,0.658,0.206,0.064,0.072
2020_03_21,0.634,0.218,0.078,0.07
2020_03_22,0.586,0.262,0.092,0.06
2020_03_23,0.662,0.224,0.058,0.056
2020_03_24,0.648,0.196,0.094,0.062
2020_03_25,0.638,0.222,0.084,0.056
2020_03_26,0.608,0.242,0.082,0.068
2020_03_27,0.602,0.224,0.086,0.088
2020_03_28,0.63,0.232,0.066,0.072
2020_03_29,0.562,0.25,0.11,0.078
2020_03_30,0.588,0.28,0.078,0.054
2020_03_31,0.622,0.216,0.074,0.088
2020_04_01,0.64,0.212,0.09,0.058
2020_04_02,0.58,0.254,0.09,0.076
2020_04_03,0.576,0.268,0.088,0.068
2020_04_04,0.578,0.272,0.076,0.074
2020_04_05,0.514,0.306,0.09,0.09
2020_04_06,0.528,0.272,0.132,0.068
2020_04_07,0.57,0.27,0.094,0.066
2020_04_08,0.57,0.282,0.078,0.07
2020_04_09,0.56,0.264,0.092,0.084
2020_04_10,0.648,0.2,0.072,0.08
2020_04_11,0.598,0.234,0.082,0.086
2020_04_12,0.57,0.284,0.076,0.07
2020_04_13,0.604,0.244,0.078,0.074
2020_04_14,0.604,0.24,0.068,0.088
2020_04_15,0.606,0.23,0.086,0.078
2020_04_16,0.594,0.222,0.072,0.112
2020_04_17,0.582,0.27,0.06,0.088
2020_04_18,0.598,0.278,0.058,0.066
2020_04_19,0.634,0.2,0.082,0.084
2020_04_20,0.632,0.2,0.094,0.074
2020_04_21,0.572,0.278,0.084,0.066
2020_04_22,0.604,0.268,0.052,0.076
2020_04_23,0.528,0.304,0.092,0.076
2020_04_24,0.556,0.302,0.07,0.072
2020_04_25,0.576,0.278,0.066,0.08
2020_04_26,0.57,0.282,0.076,0.072
2020_04_27,0.604,0.264,0.062,0.07
2020_04_28,0.624,0.23,0.068,0.078
2020_04_29,0.54,0.286,0.104,0.07
2020_04_30,0.492,0.318,0.104,0.086
2020_05_01,0.536,0.292,0.072,0.1
2020_05_02,0.556,0.272,0.08,0.092
2020_05_03,0.574,0.278,0.078,0.07
2020_05_04,0.572,0.226,0.07,0.132
2020_05_05,0.58,0.262,0.058,0.1
2020_05_06,0.564,0.264,0.09,0.082
2020_05_07,0.552,0.274,0.09,0.084
2020_05_08,0.548,0.296,0.066,0.09
2020_05_09,0.548,0.306,0.072,0.074
2020_05_10,0.56,0.28,0.082,0.078
2020_05_11,0.622,0.258,0.048,0.072
2020_05_12,0.522,0.304,0.092,0.082
2020_05_13,0.592,0.276,0.058,0.074
2020_05_14,0.554,0.294,0.068,0.084
2020_05_15,0.606,0.236,0.1,0.058
2020_05_16,0.512,0.29,0.106,0.092
2020_05_17,0.57,0.25,0.08,0.1
2020_05_18,0.604,0.218,0.096,0.082
2020_05_19,0.592,0.224,0.096,0.088
2020_05_20,0.534,0.304,0.086,0.076
2020_05_21,0.54,0.312,0.09,0.058
2020_05_22,0.566,0.262,0.108,0.064
2020_05_23,0.484,0.39,0.066,0.06
2020_05_24,0.534,0.324,0.07,0.072
2020_05_25,0.566,0.272,0.064,0.098
2020_05_26,0.584,0.242,0.076,0.098
2020_05_27,0.546,0.29,0.086,0.078
2020_05_28,0.572,0.256,0.066,0.106
2020_05_29,0.57,0.274,0.096,0.06
2020_05_30,0.584,0.254,0.086,0.076
2020_05_31,0.574,0.224,0.132,0.07
2020_06_01,0.628,0.2,0.072,0.1
2020_06_02,0.566,0.266,0.088,0.08
2020_06_03,0.654,0.202,0.064,0.08
2020_06_04,0.616,0.226,0.078,0.08
2020_06_05,0.59,0.244,0.07,0.096
2020_06_06,0.556,0.268,0.084,0.092
2020_06_07,0.548,0.254,0.084,0.114
2020_06_08,0.564,0.28,0.072,0.084
2020_06_09,0.556,0.25,0.096,0.098
2020_06_10,0.586,0.282,0.066,0.066
2020_06_11,0.576,0.254,0.102,0.068
2020_06_12,0.564,0.272,0.078,0.086
2020_06_13,0.568,0.288,0.058,0.086
2020_06_14,0.618,0.244,0.08,0.058
2020_06_15,0.554,0.264,0.08,0.102
2020_06_16,0.692,0.176,0.078,0.054
2020_06_17,0.602,0.256,0.062,0.08
2020_06_18,0.554,0.278,0.09,0.078
2020_06_19,0.538,0.302,0.088,0.072
2020_06_20,0.488,0.358,0.072,0.082
2020_06_21,0.504,0.328,0.074,0.094
2020_06_22,0.58,0.27,0.082,0.068
2020_06_23,0.614,0.254,0.056,0.076
2020_06_24,0.522,0.298,0.09,0.09
2020_06_25,0.524,0.262,0.1,0.114
2020_06_26,0.55,0.264,0.102,0.084
2020_06_27,0.554,0.276,0.078,0.092
2020_06_28,0.624,0.204,0.106,0.066
2020_06_29,0.554,0.27,0.08,0.096
2020_06_30,0.568,0.254,0.088,0.09
2020_07_01,0.484,0.32,0.1,0.096
2020_07_02,0.526,0.264,0.106,0.104
2020_07_03,0.508,0.308,0.074,0.11
2020_07_04,0.518,0.334,0.05,0.098
2020_07_05,0.594,0.256,0.066,0.084
2020_07_06,0.554,0.244,0.092,0.11
2020_07_07,0.576,0.224,0.108,0.092
2020_07_08,0.562,0.284,0.074,0.08
2020_07_09,0.544,0.284,0.076,0.096
2020_07_10,0.566,0.27,0.076,0.088
2020_07_11,0.316,0.374,0.106,0.204
2020_07_12,0.53,0.308,0.062,0.1
2020_07_13,0.564,0.28,0.076,0.08
2020_07_14,0.552,0.284,0.096,0.068
2020_07_15,0.59,0.264,0.064,0.082
2020_07_16,0.55,0.252,0.094,0.104
2020_07_17,0.522,0.282,0.088,0.108
2020_07_18,0.552,0.276,0.104,0.068
2020_07_19,0.52,0.316,0.082,0.082
2020_07_20,0.55,0.272,0.07,0.108
2020_07_21,0.576,0.252,0.096,0.076
2020_07_22,0.532,0.286,0.086,0.096
2020_07_23,0.542,0.28,0.09,0.088
2020_07_24,0.546,0.254,0.096,0.104
2020_07_25,0.48,0.294,0.112,0.114
2020_07_26,0.474,0.31,0.11,0.106
2020_07_27,0.514,0.276,0.102,0.108
2020_07_28,0.458,0.312,0.09,0.14
2020_07_29,0.534,0.286,0.084,0.096
2020_07_30,0.43,0.39,0.092,0.088
2020_07_31,0.466,0.34,0.088,0.106
2020_08_01,0.51,0.318,0.082,0.09
2020_08_02,0.522,0.29,0.08,0.108
2020_08_03,0.542,0.29,0.086,0.082
2020_08_04,0.53,0.32,0.068,0.082
2020_08_05,0.496,0.324,0.08,0.1
2020_08_06,0.49,0.304,0.102,0.104
2020_08_07,0.518,0.296,0.1,0.086
2020_08_08,0.458,0.332,0.128,0.082
2020_08_09,0.51,0.262,0.122,0.106
2020_08_10,0.486,0.32,0.108,0.086
2020_08_11,0.526,0.26,0.102,0.112
2020_08_12,0.512,0.314,0.096,0.078
2020_08_13,0.494,0.33,0.086,0.09
2020_08_14,0.47,0.334,0.086,0.11
2020_08_15,0.474,0.32,0.122,0.084
2020_08_16,0.45,0.27,0.156,0.124
2020_08_17,0.478,0.326,0.096,0.1
2020_08_18,0.496,0.298,0.112,0.094
2020_08_19,0.518,0.312,0.108,0.062
2020_08_20,0.518,0.282,0.102,0.098
2020_08_21,0.48,0.322,0.108,0.09
2020_08_22,0.546,0.274,0.092,0.088
2020_08_23,0.54,0.26,0.088,0.112
2020_08_24,0.508,0.332,0.084,0.076
2020_08_25,0.438,0.342,0.098,0.122
2020_08_26,0.5,0.304,0.104,0.092
2020_08_27,0.556,0.262,0.102,0.08
2020_08_28,0.578,0.228,0.118,0.076
2020_08_29,0.522,0.264,0.1,0.114
2020_08_30,0.532,0.268,0.122,0.078
2020_08_31,0.508,0.244,0.164,0.084
2020_09_01,0.52,0.294,0.098,0.088
2020_09_02,0.534,0.252,0.108,0.106
2020_09_03,0.506,0.298,0.116,0.08
2020_09_04,0.502,0.302,0.11,0.086
2020_09_05,0.518,0.282,0.108,0.092
2020_09_06,0.512,0.3,0.1,0.088
2020_09_07,0.544,0.292,0.084,0.08
2020_09_08,0.538,0.29,0.088,0.084
2020_09_09,0.612,0.226,0.094,0.068
2020_09_10,0.556,0.29,0.07,0.084
2020_09_11,0.554,0.264,0.094,0.088
2020_09_12,0.576,0.252,0.102,0.07
2020_09_13,0.616,0.198,0.08,0.106
2020_09_14,0.552,0.27,0.07,0.108
2020_09_15,0.5,0.27,0.138,0.092
2020_09_16,0.508,0.302,0.104,0.086
2020_09_17,0.58,0.238,0.096,0.086
2020_09_18,0.514,0.296,0.102,0.088
2020_09_19,0.52,0.278,0.102,0.1
2020_09_20,0.566,0.284,0.084,0.066
2020_09_21,0.562,0.298,0.07,0.07
2020_09_22,0.534,0.282,0.094,0.09
2020_09_23,0.508,0.29,0.124,0.078
2020_09_24,0.51,0.264,0.118,0.108
2020_09_25,0.508,0.264,0.146,0.082
2020_09_26,0.504,0.28,0.132,0.084
2020_09_27,0.506,0.3,0.094,0.1
2020_09_28,0.48,0.314,0.092,0.114
2020_09_29,0.492,0.332,0.07,0.106
2020_09_30,0.472,0.366,0.078,0.084
2020_10_01,0.56,0.264,0.106,0.07
2020_10_02,0.532,0.232,0.098,0.138
2020_10_03,0.512,0.272,0.104,0.112
2020_10_04,0.558,0.24,0.1,0.102
2020_10_05,0.53,0.26,0.12,0.09
2020_10_06,0.522,0.29,0.09,0.098
2020_10_07,0.542,0.26,0.1,0.098
2020_10_08,0.572,0.252,0.096,0.08
2020_10_09,0.55,0.27,0.104,0.076
2020_10_10,0.554,0.248,0.11,0.088
2020_10_11,0.526,0.286,0.102,0.086
2020_10_12,0.566,0.268,0.084,0.082
2020_10_13,0.536,0.264,0.08,0.12
2020_10_14,0.534,0.262,0.098,0.106
2020_10_15,0.578,0.286,0.072,0.064
2020_10_16,0.508,0.294,0.098,0.1
2020_10_17,0.501039501039501,0.27442827442827444,0.12681912681912683,0.09771309771309772
2020_10_18,0.554,0.28,0.084,0.082
2020_10_19,0.556,0.286,0.086,0.072
2020_10_20,0.566,0.246,0.094,0.094
2020_10_21,0.536,0.302,0.072,0.09
2020_10_22,0.56,0.226,0.064,0.15
2020_10_23,0.542,0.274,0.078,0.106
2020_10_24,0.514,0.288,0.102,0.096
2020_10_25,0.522,0.304,0.084,0.09
2020_10_26,0.592,0.27,0.068,0.07
2020_10_27,0.536,0.262,0.096,0.106
2020_10_28,0.52,0.28,0.096,0.104
2020_10_29,0.498,0.318,0.08,0.104
2020_10_30,0.556,0.24,0.108,0.096
2020_10_31,0.574,0.278,0.068,0.08
2020_11_01,0.544,0.236,0.118,0.102
2020_11_02,0.556,0.27,0.086,0.088
2020_11_03,0.508,0.298,0.114,0.08
2020_11_04,0.502,0.322,0.094,0.082
2020_11_05,0.538,0.26,0.1,0.102
2020_11_06,0.55,0.284,0.082,0.084
2020_11_07,0.53,0.296,0.094,0.08
2020_11_08,0.534,0.252,0.096,0.118
2020_11_09,0.566,0.29,0.054,0.09
2020_11_10,0.538,0.3,0.07,0.092
2020_11_11,0.58,0.258,0.072,0.09
2020_11_12,0.484,0.324,0.104,0.088
2020_11_13,0.538,0.284,0.092,0.086
2020_11_14,0.452,0.41,0.082,0.056
2020_11_15,0.556,0.256,0.106,0.082
2020_11_16,0.572,0.3,0.05,0.078
2020_11_17,0.5,0.216,0.11,0.174
2020_11_18,0.582,0.26,0.074,0.084
2020_11_19,0.58,0.252,0.086,0.082
2020_11_20,0.606,0.23,0.092,0.072
2020_11_21,0.61,0.226,0.088,0.076
2020_11_22,0.634,0.21,0.08,0.076
2020_11_23,0.578,0.272,0.072,0.078
2020_11_24,0.596,0.252,0.07,0.082
2020_11_25,0.576,0.248,0.09,0.086
2020_11_26,0.548,0.278,0.08,0.094
2020_11_27,0.588,0.236,0.106,0.07
2020_11_28,0.498,0.32,0.078,0.104
2020_11_29,0.592,0.238,0.086,0.084
2020_11_30,0.582,0.22,0.112,0.086
2020_12_01,0.482,0.298,0.108,0.112
2020_12_02,0.528,0.316,0.072,0.084
2020_12_03,0.552,0.266,0.096,0.086
2020_12_04,0.546,0.248,0.118,0.088
2020_12_05,0.588,0.274,0.054,0.084
2020_12_06,0.518,0.33,0.086,0.066
2020_12_07,0.538,0.294,0.076,0.092
2020_12_08,0.486,0.386,0.062,0.066
2020_12_09,0.562,0.28,0.088,0.07
2020_12_10,0.57,0.28,0.074,0.076
2020_12_11,0.562,0.284,0.084,0.07
2020_12_12,0.61,0.234,0.072,0.084
2020_12_13,0.544,0.254,0.078,0.124
2020_12_14,0.54,0.282,0.076,0.102
2020_12_15,0.514,0.276,0.088,0.122
2020_12_16,0.5667351129363449,0.28542094455852157,0.07392197125256673,0.07392197125256673
2020_12_17,0.55,0.258,0.08,0.112
2020_12_18,0.496,0.298,0.054,0.152
2020_12_19,0.596,0.262,0.076,0.066
2020_12_20,0.584,0.25,0.088,0.078
2020_12_21,0.544,0.292,0.092,0.072
2020_12_22,0.52,0.29,0.102,0.088
2020_12_23,0.536,0.316,0.084,0.064
2020_12_24,0.464,0.38,0.09,0.066
2020_12_25,0.466,0.352,0.092,0.09
2020_12_26,0.5020080321285141,0.3092369477911647,0.10843373493975904,0.08032128514056225
2020_12_27,0.54,0.27,0.08,0.11
2020_12_28,0.534,0.318,0.07,0.078
2020_12_29,0.524,0.302,0.07,0.104
2020_12_30,0.536,0.298,0.096,0.07
2020_12_31,0.388,0.434,0.098,0.08
2021_01_01,0.49,0.336,0.068,0.106
2021_01_02,0.588,0.232,0.066,0.114
2021_01_03,0.594,0.28,0.03,0.096
2021_01_04,0.694,0.206,0.034,0.066
2021_01_05,0.648,0.246,0.042,0.064
2021_01_06,0.592,0.262,0.084,0.062
2021_01_07,0.556,0.284,0.106,0.054
2021_01_08,0.564,0.29,0.072,0.074
2021_01_09,0.536,0.324,0.066,0.074
2021_01_10,0.514,0.294,0.088,0.104
2021_01_11,0.536,0.28,0.096,0.088
2021_01_12,0.61,0.272,0.062,0.056
2021_01_13,0.588,0.31,0.04,0.062
2021_01_14,0.572,0.298,0.058,0.072
2021_01_15,0.576,0.314,0.058,0.052
2021_01_16,0.528,0.344,0.06,0.068
2021_01_17,0.574,0.256,0.092,0.078
2021_01_18,0.584,0.284,0.062,0.07
2021_01_19,0.536,0.294,0.092,0.078
2021_01_20,0.54,0.308,0.08,0.072
2021_01_21,0.514,0.364,0.046,0.076
2021_01_22,0.526,0.314,0.048,0.112
2021_01_23,0.544,0.288,0.082,0.086
2021_01_24,0.552,0.298,0.066,0.084
2021_01_25,0.544,0.322,0.052,0.082
2021_01_26,0.616,0.284,0.054,0.046
2021_01_27,0.5291479820627802,0.29596412556053814,0.08071748878923767,0.09417040358744394
2021_01_28,0.532,0.322,0.08,0.066
2021_01_29,0.58,0.31,0.042,0.068
2021_01_30,0.5663716814159292,0.29646017699115046,0.059734513274336286,0.07743362831858407
2021_01_31,0.612,0.238,0.08,0.07
2021_02_01,0.48,0.338,0.094,0.088
2021_02_02,0.556,0.296,0.088,0.06
2021_02_03,0.538,0.27,0.092,0.1
2021_02_04,0.5201698513800425,0.33121019108280253,0.09766454352441614,0.050955414012738856
2021_02_05,0.5655172413793104,0.2988505747126437,0.08045977011494253,0.05517241379310345
2021_02_06,0.5180722891566265,0.363855421686747,0.05783132530120482,0.060240963855421686
2021_02_07,0.5513513513513514,0.3054054054054054,0.05675675675675676,0.08648648648648649
2021_02_08,0.5476190476190477,0.29653679653679654,0.08441558441558442,0.07142857142857142
2021_02_09,0.5213270142180095,0.32701421800947866,0.08056872037914692,0.07109004739336493
2021_02_10,0.5551020408163265,0.31020408163265306,0.061224489795918366,0.07346938775510205
2021_02_11,0.5404814004376368,0.3238512035010941,0.08096280087527352,0.05470459518599562
2021_02_12,0.5482546201232033,0.29774127310061604,0.07392197125256673,0.08008213552361396
2021_02_13,0.525,0.3386363636363636,0.0659090909090909,0.07045454545454545
2021_02_14,0.5107033639143731,0.345565749235474,0.07951070336391437,0.06422018348623854
2021_02_15,0.5546218487394958,0.3137254901960784,0.06722689075630252,0.06442577030812324
2021_02_16,0.5862068965517241,0.27586206896551724,0.07126436781609195,0.06666666666666667
2021_02_17,0.550755939524838,0.31533477321814257,0.07127429805615551,0.06263498920086392
2021_02_18,0.549266247379455,0.3018867924528302,0.07127882599580712,0.07756813417190776
2021_02_19,0.54,0.342,0.05,0.068
2021_02_20,0.5814432989690722,0.25773195876288657,0.08041237113402062,0.08041237113402062
2021_02_21,0.6,0.258,0.076,0.066
2021_02_22,0.63,0.244,0.048,0.078
2021_02_23,0.504,0.312,0.076,0.108
2021_02_24,0.554,0.296,0.06,0.09
2021_02_25,0.5619834710743802,0.2975206611570248,0.06611570247933884,0.0743801652892562
2021_02_26,0.5656565656565656,0.2505050505050505,0.09090909090909091,0.09292929292929293
2021_02_27,0.5357142857142857,0.29831932773109243,0.06722689075630252,0.09873949579831932
2021_02_28,0.5943204868154158,0.281947261663286,0.056795131845841784,0.06693711967545639
2021_03_01,0.524,0.322,0.064,0.09
2021_03_02,0.522,0.322,0.068,0.088
2021_03_03,0.526,0.306,0.054,0.114
2021_03_04,0.496,0.302,0.108,0.094
2021_03_05,0.488,0.362,0.06,0.09
2021_03_06,0.49473684210526314,0.3410526315789474,0.06947368421052631,0.09473684210526316
2021_03_07,0.558,0.31,0.048,0.084
2021_03_08,0.4580498866213152,0.40816326530612246,0.06349206349206349,0.07029478458049887
2021_03_09,0.512,0.34,0.072,0.076
2021_03_10,0.5502008032128514,0.3072289156626506,0.060240963855421686,0.0823293172690763
2021_03_11,0.588,0.306,0.032,0.074
2021_03_12,0.582,0.27,0.074,0.074
2021_03_13,0.59,0.282,0.068,0.06
2021_03_14,0.6,0.238,0.082,0.08
2021_03_15,0.588,0.288,0.054,0.07
2021_03_16,0.55,0.29,0.084,0.076
2021_03_17,0.564,0.26,0.07,0.106
2021_03_18,0.55,0.312,0.076,0.062
2021_03_19,0.632,0.224,0.08,0.064
2021_03_20,0.496,0.33,0.076,0.098
2021_03_21,0.598,0.22,0.086,0.096
2021_03_22,0.602,0.254,0.056,0.088
2021_03_23,0.578,0.286,0.046,0.09
2021_03_24,0.598,0.242,0.084,0.076
2021_03_25,0.602,0.264,0.076,0.058
2021_03_26,0.526,0.262,0.096,0.116
2021_03_27,0.596,0.258,0.07,0.076
2021_03_28,0.544,0.332,0.052,0.072
2021_03_29,0.582,0.28,0.064,0.074
2021_03_30,0.622,0.232,0.062,0.084
2021_03_31,0.61,0.23,0.078,0.082
2021_04_01,0.548,0.288,0.082,0.082
2021_04_02,0.634,0.222,0.074,0.07
2021_04_03,0.596,0.238,0.074,0.092
2021_04_04,0.67,0.198,0.06,0.072
2021_04_05,0.594,0.266,0.066,0.074
2021_04_06,0.61,0.22,0.09,0.08
2021_04_07,0.642,0.204,0.06,0.094
2021_04_08,0.622,0.232,0.054,0.092
2021_04_09,0.63,0.224,0.072,0.074
2021_04_10,0.518,0.3,0.08,0.102
2021_04_11,0.69,0.192,0.074,0.044
2021_04_12,0.6,0.248,0.07,0.082
2021_04_13,0.632,0.22,0.054,0.094
2021_04_14,0.572,0.226,0.114,0.088
2021_04_15,0.544,0.29,0.084,0.082
2021_04_16,0.58,0.252,0.1,0.068
2021_04_17,0.578,0.26,0.088,0.074
2021_04_18,0.584,0.252,0.094,0.07
2021_04_19,0.548,0.27,0.088,0.094
2021_04_20,0.576,0.26,0.094,0.07
2021_04_21,0.55,0.27,0.084,0.096
2021_04_22,0.556,0.25,0.124,0.07
2021_04_23,0.548,0.268,0.108,0.076
2021_04_24,0.606,0.248,0.072,0.074
2021_04_25,0.582,0.276,0.074,0.068
2021_04_26,0.55,0.276,0.094,0.08
2021_04_27,0.528,0.276,0.1,0.096
2021_04_28,0.498,0.29,0.094,0.118
2021_04_29,0.534,0.312,0.088,0.066
2021_04_30,0.494,0.316,0.12,0.07
2021_05_01,0.542,0.278,0.112,0.068
2021_05_02,0.488,0.3,0.124,0.088
2021_05_03,0.592,0.252,0.094,0.062
2021_05_04,0.462,0.294,0.084,0.16
2021_05_05,0.48,0.362,0.078,0.08
2021_05_06,0.536,0.294,0.092,0.078
2021_05_07,0.552,0.294,0.088,0.066
2021_05_08,0.558,0.282,0.084,0.076
2021_05_09,0.566,0.288,0.072,0.074
2021_05_10,0.548,0.3,0.086,0.066
2021_05_11,0.542,0.302,0.094,0.062
2021_05_12,0.538,0.322,0.074,0.066
2021_05_13,0.508,0.336,0.088,0.068
2021_05_14,0.554,0.294,0.076,0.076
2021_05_15,0.538,0.316,0.086,0.06
2021_05_16,0.52,0.31,0.114,0.056
2021_05_17,0.544,0.304,0.092,0.06
2021_05_18,0.502,0.346,0.1,0.052
2021_05_19,0.542,0.286,0.098,0.074
2021_05_20,0.572,0.288,0.082,0.058
2021_05_21,0.54,0.31,0.082,0.068
2021_05_22,0.524,0.314,0.092,0.07
2021_05_23,0.538,0.3,0.094,0.068
2021_05_24,0.568,0.286,0.066,0.08
2021_05_25,0.538,0.308,0.074,0.08
2021_05_26,0.53,0.3,0.102,0.068
2021_05_27,0.52,0.296,0.106,0.078
2021_05_28,0.538,0.314,0.076,0.072
2021_05_29,0.542,0.294,0.102,0.062
2021_05_30,0.536,0.33,0.084,0.05
2021_05_31,0.542,0.308,0.082,0.068
2021_06_01,0.52,0.296,0.118,0.066
2021_06_02,0.524,0.318,0.09,0.068
2021_06_03,0.488,0.348,0.074,0.09
2021_06_04,0.54,0.32,0.066,0.074
2021_06_05,0.492,0.346,0.104,0.058
2021_06_06,0.52,0.33,0.092,0.058
2021_06_07,0.548,0.278,0.09,0.084
2021_06_08,0.524,0.314,0.08,0.082
2021_06_09,0.512,0.326,0.092,0.07
2021_06_10,0.47,0.364,0.076,0.09
2021_06_11,0.486,0.344,0.098,0.072
2021_06_12,0.594,0.258,0.102,0.046
2021_06_13,0.472,0.36,0.096,0.072
2021_06_14,0.47,0.374,0.08,0.076
2021_06_15,0.458,0.37,0.098,0.074
2021_06_16,0.498,0.378,0.076,0.048
2021_06_17,0.46,0.372,0.08,0.088
2021_06_18,0.44,0.3,0.186,0.074
2021_06_19,0.52,0.292,0.116,0.072
2021_06_20,0.552,0.292,0.072,0.084
2021_06_21,0.504,0.36,0.072,0.064
2021_06_22,0.528,0.334,0.072,0.066
2021_06_23,0.586,0.29,0.062,0.062
2021_06_24,0.5,0.32,0.076,0.104
2021_06_25,0.506,0.346,0.086,0.062
2021_06_26,0.532,0.308,0.09,0.07
2021_06_27,0.554,0.282,0.08,0.084
2021_06_28,0.54,0.3,0.088,0.072
2021_06_29,0.536,0.318,0.076,0.07
2021_06_30,0.482,0.362,0.086,0.07
2021_07_01,0.47,0.376,0.078,0.076
2021_07_02,0.498,0.354,0.074,0.074
2021_07_03,0.522,0.33,0.08,0.068
2021_07_04,0.514,0.33,0.084,0.072
2021_07_05,0.55,0.312,0.078,0.06
2021_07_06,0.548,0.294,0.1,0.058
2021_07_07,0.534,0.284,0.078,0.104
2021_07_08,0.538,0.304,0.096,0.062
2021_07_09,0.61,0.268,0.068,0.054
2021_07_10,0.57,0.28,0.07,0.08
2021_07_11,0.666,0.21,0.072,0.052
2021_07_12,0.52,0.3,0.084,0.096
2021_07_13,0.562,0.276,0.088,0.074
2021_07_14,0.552,0.306,0.064,0.078
2021_07_15,0.562,0.312,0.072,0.054
2021_07_16,0.548,0.302,0.08,0.07
2021_07_17,0.532,0.314,0.08,0.074
2021_07_18,0.572,0.282,0.072,0.074
2021_07_19,0.542,0.286,0.102,0.07
2021_07_20,0.552,0.298,0.078,0.072
2021_07_21,0.566,0.268,0.096,0.07
2021_07_22,0.544,0.304,0.082,0.07
2021_07_23,0.532,0.312,0.104,0.052
2021_07_24,0.504,0.314,0.112,0.07
2021_07_25,0.554,0.3,0.088,0.058
2021_07_26,0.534,0.334,0.08,0.052
2021_07_27,0.536,0.312,0.084,0.068
2021_07_28,0.564,0.308,0.082,0.046
2021_07_29,0.54,0.318,0.08,0.062
2021_07_30,0.556,0.294,0.07,0.08
2021_07_31,0.596,0.266,0.08,0.058
2021_08_01,0.572,0.304,0.078,0.046
2021_08_02,0.568,0.3,0.064,0.068
2021_08_03,0.542,0.338,0.06,0.06
2021_08_04,0.594,0.294,0.076,0.036
2021_08_05,0.55,0.302,0.086,0.062
2021_08_06,0.534,0.308,0.072,0.086
2021_08_07,0.538,0.304,0.09,0.068
2021_08_08,0.568,0.276,0.082,0.074
2021_08_09,0.54,0.318,0.08,0.062
2021_08_10,0.572,0.284,0.066,0.078
2021_08_11,0.552,0.302,0.074,0.072
2021_08_12,0.548,0.326,0.064,0.062
2021_08_13,0.526,0.336,0.072,0.066
2021_08_14,0.544,0.338,0.066,0.052
2021_08_15,0.538,0.328,0.076,0.058
2021_08_16,0.556989247311828,0.3096774193548387,0.07311827956989247,0.060215053763440864
2021_08_17,0.5875831485587583,0.2771618625277162,0.06651884700665188,0.06873614190687362
2021_08_18,0.5734597156398105,0.2890995260663507,0.07582938388625593,0.061611374407582936
2021_08_19,0.5824175824175825,0.2923076923076923,0.07252747252747253,0.05274725274725275
2021_08_20,0.568,0.302,0.068,0.062
2021_08_21,0.59,0.272,0.078,0.06
2021_08_22,0.5613636363636364,0.2681818181818182,0.08181818181818182,0.08863636363636364
2021_08_23,0.528,0.324,0.092,0.056
2021_08_24,0.598,0.264,0.07,0.068
2021_08_25,0.57,0.256,0.09,0.084
2021_08_26,0.63,0.236,0.064,0.07
2021_08_27,0.502,0.4,0.044,0.054
2021_08_28,0.5717171717171717,0.30505050505050507,0.06868686868686869,0.05454545454545454
2021_08_29,0.594,0.272,0.066,0.068
2021_08_30,0.5818965517241379,0.2801724137931034,0.06896551724137931,0.06896551724137931
2021_08_31,0.584,0.306,0.072,0.038
2021_09_01,0.54,0.304,0.064,0.092
2021_09_02,0.5612903225806452,0.26881720430107525,0.10967741935483871,0.060215053763440864
2021_09_03,0.585956416464891,0.288135593220339,0.06537530266343826,0.06053268765133172
2021_09_04,0.5543478260869565,0.29130434782608694,0.09565217391304348,0.058695652173913045
2021_09_05,0.5515151515151515,0.31313131313131315,0.06060606060606061,0.07474747474747474
2021_09_06,0.5671296296296297,0.3263888888888889,0.06944444444444445,0.037037037037037035
2021_09_07,0.5392156862745098,0.34068627450980393,0.07107843137254902,0.049019607843137254
2021_09_08,0.5471698113207547,0.3278301886792453,0.05660377358490566,0.06839622641509434
2021_09_09,0.5590200445434298,0.30066815144766146,0.07349665924276169,0.066815144766147
2021_09_10,0.6,0.234,0.112,0.054
2021_09_11,0.5300429184549357,0.27682403433476394,0.11802575107296137,0.07510729613733906
2021_09_12,0.5331695331695332,0.28501228501228504,0.10565110565110565,0.07616707616707617
2021_09_13,0.5580246913580247,0.2962962962962963,0.09135802469135802,0.05432098765432099
2021_09_14,0.5754716981132075,0.25235849056603776,0.08254716981132075,0.08962264150943396
2021_09_15,0.48931116389548696,0.34441805225653205,0.09738717339667459,0.0688836104513064
2021_09_16,0.578125,0.28125,0.0859375,0.0546875
2021_09_17,0.514,0.34,0.06,0.086
2021_09_18,0.488,0.342,0.064,0.106
2021_09_19,0.5736434108527132,0.25839793281653745,0.08010335917312661,0.08785529715762273
2021_09_20,0.5841346153846154,0.27403846153846156,0.06490384615384616,0.07692307692307693
2021_09_21,0.6189473684210526,0.2736842105263158,0.061052631578947365,0.04631578947368421
2021_09_22,0.63,0.22,0.082,0.068
2021_09_23,0.6274089935760171,0.2291220556745182,0.0728051391862955,0.07066381156316917
2021_09_24,0.5686274509803921,0.289760348583878,0.07407407407407407,0.06753812636165578
2021_09_25,0.549636803874092,0.3099273607748184,0.05569007263922518,0.0847457627118644
2021_09_26,0.5287671232876713,0.32054794520547947,0.07945205479452055,0.07123287671232877
2021_09_27,0.5990220048899756,0.24938875305623473,0.06845965770171149,0.08312958435207823
2021_09_28,0.5545977011494253,0.2988505747126437,0.07183908045977011,0.07471264367816093
2021_09_29,0.5534591194968553,0.29874213836477986,0.06918238993710692,0.07861635220125786
2021_09_30,0.5546666666666666,0.30133333333333334,0.07733333333333334,0.06666666666666667
2021_10_01,0.5582089552238806,0.2865671641791045,0.07761194029850746,0.07761194029850746
2021_10_02,0.5736677115987461,0.3385579937304075,0.05642633228840126,0.03134796238244514
2021_10_03,0.5292207792207793,0.24675324675324675,0.13636363636363635,0.08766233766233766
2021_10_04,0.6020066889632107,0.2608695652173913,0.07692307692307693,0.06020066889632107
2021_10_05,0.5229885057471264,0.33045977011494254,0.09770114942528736,0.04885057471264368
2021_10_06,0.5501519756838906,0.3100303951367781,0.08206686930091185,0.057750759878419454
2021_10_07,0.5185185185185185,0.3117283950617284,0.10802469135802469,0.06172839506172839
2021_10_08,0.571875,0.28125,0.096875,0.05
2021_10_09,0.5662983425414365,0.2983425414364641,0.07734806629834254,0.058011049723756904
2021_10_10,0.517799352750809,0.34627831715210355,0.0744336569579288,0.061488673139158574
2021_10_11,0.5662650602409639,0.2740963855421687,0.07228915662650602,0.08734939759036145
2021_10_12,0.5,0.3567251461988304,0.06725146198830409,0.07602339181286549
2021_10_13,0.574468085106383,0.30141843971631205,0.06028368794326241,0.06382978723404255
2021_10_14,0.5066225165562914,0.3576158940397351,0.04304635761589404,0.09271523178807947
2021_10_15,0.5598290598290598,0.2692307692307692,0.07692307692307693,0.09401709401709402
2021_10_16,0.6076388888888888,0.2673611111111111,0.07291666666666667,0.052083333333333336
2021_10_17,0.5733788395904437,0.2764505119453925,0.09897610921501707,0.051194539249146756
2021_10_18,0.5252525252525253,0.31313131313131315,0.09427609427609428,0.06734006734006734
2021_10_19,0.5962732919254659,0.2795031055900621,0.049689440993788817,0.07453416149068323
2021_10_20,0.547945205479452,0.3013698630136986,0.07191780821917808,0.07876712328767123
2021_10_21,0.442,0.434,0.046,0.078
2021_10_22,0.468,0.378,0.07,0.084
2021_10_23,0.5456730769230769,0.3076923076923077,0.06009615384615385,0.08653846153846154
2021_10_24,0.546875,0.296875,0.084375,0.071875
2021_10_25,0.5318352059925093,0.30711610486891383,0.09737827715355805,0.06367041198501873
2021_10_26,0.553125,0.334375,0.059375,0.053125
2021_10_27,0.6144578313253012,0.2891566265060241,0.05421686746987952,0.04216867469879518
2021_10_28,0.5884476534296029,0.27075812274368233,0.07581227436823104,0.06498194945848375
2021_10_29,0.5081967213114754,0.30491803278688523,0.10491803278688525,0.08196721311475409
2021_10_30,0.6024844720496895,0.21428571428571427,0.08074534161490683,0.10248447204968944
2021_10_31,0.5734767025089605,0.25448028673835127,0.08602150537634409,0.08602150537634409
2021_11_01,0.6061538461538462,0.2553846153846154,0.07692307692307693,0.06153846153846154
2021_11_02,0.5182481751824818,0.28832116788321166,0.0948905109489051,0.09854014598540146
2021_11_03,0.51875,0.296875,0.09375,0.090625
2021_11_04,0.5051194539249146,0.34812286689419797,0.08873720136518772,0.05802047781569966
2021_11_05,0.5298013245033113,0.2847682119205298,0.10264900662251655,0.08278145695364239
2021_11_06,0.589622641509434,0.2783018867924528,0.08490566037735849,0.04716981132075472
2021_11_07,0.49264705882352944,0.3161764705882353,0.09558823529411764,0.09558823529411764
2021_11_08,0.5437262357414449,0.2813688212927757,0.09885931558935361,0.07604562737642585
2021_11_09,0.5454545454545454,0.3181818181818182,0.09740259740259741,0.03896103896103896
2021_11_10,0.5088967971530249,0.3416370106761566,0.07473309608540925,0.07473309608540925
2021_11_11,0.5321888412017167,0.2918454935622318,0.07296137339055794,0.10300429184549356
2021_11_12,0.567398119122257,0.30094043887147337,0.06583072100313479,0.06583072100313479
2021_11_13,0.5649122807017544,0.28771929824561404,0.0912280701754386,0.056140350877192984
2021_11_14,0.5724137931034483,0.2689655172413793,0.06896551724137931,0.0896551724137931
2021_11_15,0.570281124497992,0.28112449799196787,0.08032128514056225,0.06827309236947791
2021_11_16,0.5818965517241379,0.2672413793103448,0.09482758620689655,0.05603448275862069
2021_11_17,0.49538461538461537,0.3046153846153846,0.08615384615384615,0.11384615384615385
2021_11_18,0.5323741007194245,0.35251798561151076,0.05755395683453238,0.05755395683453238
2021_11_19,0.549800796812749,0.30278884462151395,0.07171314741035857,0.07569721115537849
2021_11_20,0.48535564853556484,0.3472803347280335,0.06694560669456066,0.100418410041841
2021_11_21,0.5261324041811847,0.30313588850174217,0.11498257839721254,0.05574912891986063
2021_11_22,0.49823321554770317,0.29328621908127206,0.10247349823321555,0.10600706713780919
2021_11_23,0.508695652173913,0.3521739130434783,0.08260869565217391,0.05652173913043478
2021_11_24,0.5591715976331361,0.2781065088757396,0.08579881656804733,0.07692307692307693
2021_11_25,0.4895833333333333,0.3229166666666667,0.13194444444444445,0.05555555555555555
2021_11_26,0.6659192825112108,0.23318385650224216,0.05605381165919283,0.04484304932735426
2021_11_27,0.646,0.22,0.066,0.068
2021_11_28,0.684,0.212,0.05,0.054
2021_11_29,0.648,0.236,0.064,0.052
2021_11_30,0.6398390342052314,0.24748490945674045,0.05835010060362173,0.05432595573440644
2021_12_01,0.5987525987525988,0.2661122661122661,0.06652806652806653,0.06860706860706861
2021_12_02,0.606,0.232,0.078,0.084
2021_12_03,0.686,0.214,0.05,0.05
2021_12_04,0.591002044989775,0.26993865030674846,0.09406952965235174,0.044989775051124746
2021_12_05,0.5785876993166287,0.2938496583143508,0.07972665148063782,0.04783599088838269
2021_12_06,0.5793450881612091,0.2594458438287154,0.08564231738035265,0.07556675062972293
2021_12_07,0.5957446808510638,0.24316109422492402,0.1033434650455927,0.057750759878419454
2021_12_08,0.5,0.33969465648854963,0.09541984732824428,0.0648854961832061
2021_12_09,0.5143884892086331,0.33093525179856115,0.08273381294964029,0.07194244604316546
2021_12_10,0.6156156156156156,0.2702702702702703,0.05105105105105105,0.06306306306306306
2021_12_11,0.5620915032679739,0.238562091503268,0.10130718954248366,0.09803921568627451
2021_12_12,0.628482972136223,0.2260061919504644,0.08668730650154799,0.058823529411764705
2021_12_13,0.65625,0.22355769230769232,0.07932692307692307,0.040865384615384616
2021_12_14,0.5606936416184971,0.2745664739884393,0.07514450867052024,0.08959537572254335
2021_12_15,0.6179401993355482,0.26578073089701,0.0664451827242525,0.04983388704318937
2021_12_16,0.5757575757575758,0.2702020202020202,0.0707070707070707,0.08333333333333333
2021_12_17,0.5439560439560439,0.29120879120879123,0.11813186813186813,0.046703296703296704
2021_12_18,0.5884353741496599,0.2687074829931973,0.07142857142857142,0.07142857142857142
2021_12_19,0.5884057971014492,0.24057971014492754,0.09855072463768116,0.07246376811594203
2021_12_20,0.5983606557377049,0.2650273224043716,0.07377049180327869,0.06284153005464481
2021_12_21,0.5946601941747572,0.24757281553398058,0.08737864077669903,0.0703883495145631
2021_12_22,0.6351351351351351,0.22072072072072071,0.06306306306306306,0.08108108108108109
2021_12_23,0.5798319327731093,0.26260504201680673,0.06722689075630252,0.09033613445378151
2021_12_24,0.5611353711790393,0.2663755458515284,0.07641921397379912,0.09606986899563319
2021_12_25,0.494,0.344,0.078,0.084
2021_12_26,0.578,0.236,0.08,0.106
2021_12_27,0.6488222698072805,0.2334047109207709,0.059957173447537475,0.057815845824411134
2021_12_28,0.6,0.23,0.086,0.084
2021_12_29,0.586,0.244,0.082,0.088
2021_12_30,0.718,0.172,0.058,0.052
2021_12_31,0.506,0.324,0.076,0.094
2022_01_01,0.52,0.34,0.088,0.052
2022_01_02,0.596,0.236,0.068,0.1
2022_01_03,0.584,0.282,0.062,0.072
2022_01_04,0.642,0.246,0.06,0.052
2022_01_05,0.508,0.306,0.108,0.078
2022_01_06,0.638,0.23,0.076,0.056
2022_01_07,0.588,0.268,0.074,0.07
2022_01_08,0.554,0.268,0.084,0.094
2022_01_09,0.524,0.302,0.086,0.088
2022_01_10,0.57,0.25,0.096,0.084
2022_01_11,0.56,0.302,0.08,0.058
2022_01_12,0.532,0.284,0.094,0.09
2022_01_13,0.528,0.306,0.08,0.086
2022_01_14,0.506,0.336,0.062,0.096
2022_01_15,0.452,0.352,0.076,0.12
2022_01_16,0.884,0.062,0.014,0.04
2022_01_17,0.896,0.064,0.004,0.036
2022_01_18,0.886,0.078,0.01,0.026
2022_01_19,0.852,0.086,0.016,0.046
2022_01_20,0.778,0.14,0.034,0.048
2022_01_21,0.56,0.266,0.088,0.086
2022_01_22,0.752,0.128,0.052,0.068
2022_01_23,0.606,0.248,0.076,0.07
2022_01_24,0.622,0.254,0.052,0.072
2022_01_25,0.5198019801980198,0.2995049504950495,0.09900990099009901,0.08168316831683169
2022_01_26,0.652,0.242,0.066,0.04
2022_01_27,0.664,0.222,0.064,0.05
2022_01_28,0.634,0.234,0.062,0.07
2022_01_29,0.5813953488372093,0.27906976744186046,0.08456659619450317,0.05496828752642706
2022_01_30,0.6802443991853361,0.20570264765784113,0.054989816700611,0.059063136456211814
2022_01_31,0.5173333333333333,0.312,0.088,0.08266666666666667
2022_02_01,0.718,0.176,0.056,0.05
