date,Fear,Joy,Sadness,Surprise
2020_02_01,0.73,0.172,0.054,0.044
2020_02_02,0.746268656716418,0.1701492537313433,0.03880597014925373,0.04477611940298507
2020_02_03,0.678,0.26,0.038,0.024
2020_02_04,0.586,0.36,0.026,0.028
2020_02_05,0.59,0.318,0.046,0.046
2020_02_06,0.632,0.242,0.044,0.082
2020_02_07,0.714,0.222,0.026,0.038
2020_02_08,0.688,0.256,0.032,0.024
2020_02_09,0.728,0.182,0.03,0.06
2020_02_10,0.662,0.28,0.028,0.03
2020_02_11,0.66,0.234,0.05,0.056
2020_02_12,0.506,0.452,0.02,0.022
2020_02_13,0.744,0.204,0.028,0.024
2020_02_14,0.684,0.238,0.056,0.022
2020_02_15,0.658,0.266,0.052,0.024
2020_02_16,0.716,0.22,0.05,0.014
2020_02_17,0.678,0.254,0.044,0.024
2020_02_18,0.66,0.266,0.046,0.028
2020_02_19,0.632,0.3,0.03,0.038
2020_02_20,0.638,0.274,0.06,0.028
2020_02_21,0.648,0.274,0.028,0.05
2020_02_22,0.706,0.224,0.02,0.05
2020_02_23,0.668,0.272,0.038,0.022
2020_02_24,0.614,0.312,0.046,0.028
2020_02_25,0.69,0.248,0.038,0.024
2020_02_26,0.712,0.222,0.042,0.024
2020_02_27,0.7,0.244,0.038,0.018
2020_02_28,0.668,0.246,0.058,0.028
2020_02_29,0.686,0.236,0.042,0.036
2020_03_01,0.76,0.19,0.02,0.03
2020_03_02,0.688,0.238,0.048,0.026
2020_03_03,0.738,0.196,0.03,0.036
2020_03_04,0.682,0.242,0.036,0.04
2020_03_05,0.634,0.276,0.034,0.056
2020_03_06,0.59,0.342,0.042,0.026
2020_03_07,0.692,0.25,0.034,0.024
2020_03_08,0.68,0.25,0.046,0.024
2020_03_09,0.704,0.238,0.032,0.026
2020_03_10,0.768,0.176,0.032,0.024
2020_03_11,0.72,0.188,0.05,0.042
2020_03_12,0.822,0.13,0.026,0.022
2020_03_13,0.802,0.15,0.022,0.026
2020_03_14,0.762,0.166,0.036,0.036
2020_03_15,0.79,0.158,0.03,0.022
2020_03_16,0.782,0.156,0.03,0.032
2020_03_17,0.754,0.206,0.02,0.02
2020_03_18,0.728,0.22,0.032,0.02
2020_03_19,0.734,0.206,0.044,0.016
2020_03_20,0.674,0.258,0.032,0.036
2020_03_21,0.726,0.228,0.026,0.02
2020_03_22,0.756,0.192,0.024,0.028
2020_03_23,0.722,0.216,0.034,0.028
2020_03_24,0.728,0.21,0.036,0.026
2020_03_25,0.7,0.236,0.026,0.038
2020_03_26,0.696,0.226,0.062,0.016
2020_03_27,0.728,0.222,0.022,0.028
2020_03_28,0.7,0.22,0.034,0.046
2020_03_29,0.748,0.172,0.052,0.028
2020_03_30,0.664,0.228,0.04,0.068
2020_03_31,0.728,0.204,0.042,0.026
2020_04_01,0.722,0.212,0.04,0.026
2020_04_02,0.698,0.238,0.036,0.028
2020_04_03,0.718,0.23,0.03,0.022
2020_04_04,0.708,0.218,0.036,0.038
2020_04_05,0.726,0.218,0.026,0.03
2020_04_06,0.688,0.238,0.02,0.054
2020_04_07,0.638,0.284,0.05,0.028
2020_04_08,0.72,0.226,0.036,0.018
2020_04_09,0.75,0.208,0.028,0.014
2020_04_10,0.716,0.208,0.046,0.03
2020_04_11,0.76,0.184,0.026,0.03
2020_04_12,0.682,0.236,0.038,0.044
2020_04_13,0.736,0.188,0.028,0.048
2020_04_14,0.738,0.18,0.05,0.032
2020_04_15,0.692,0.25,0.026,0.032
2020_04_16,0.694,0.256,0.026,0.024
2020_04_17,0.674,0.22,0.056,0.05
2020_04_18,0.712,0.232,0.036,0.02
2020_04_19,0.776,0.168,0.022,0.034
2020_04_20,0.838,0.132,0.02,0.01
2020_04_21,0.76,0.188,0.038,0.014
2020_04_22,0.542,0.396,0.038,0.024
2020_04_23,0.704,0.22,0.046,0.03
2020_04_24,0.666,0.234,0.066,0.034
2020_04_25,0.696,0.204,0.04,0.06
2020_04_26,0.646,0.262,0.028,0.064
2020_04_27,0.634,0.266,0.056,0.044
2020_04_28,0.648,0.278,0.036,0.038
2020_04_29,0.666,0.236,0.044,0.054
2020_04_30,0.638,0.256,0.05,0.056
2020_05_01,0.576,0.272,0.104,0.048
2020_05_02,0.634,0.274,0.06,0.032
2020_05_03,0.656,0.254,0.058,0.032
2020_05_04,0.624,0.28,0.05,0.046
2020_05_05,0.658,0.268,0.034,0.04
2020_05_06,0.664,0.242,0.05,0.044
2020_05_07,0.6,0.328,0.036,0.036
2020_05_08,0.622,0.318,0.03,0.03
2020_05_09,0.656,0.252,0.052,0.04
2020_05_10,0.626,0.298,0.054,0.022
2020_05_11,0.5,0.428,0.044,0.028
2020_05_12,0.61,0.316,0.052,0.022
2020_05_13,0.634,0.286,0.044,0.036
2020_05_14,0.598,0.314,0.048,0.04
2020_05_15,0.658,0.272,0.028,0.042
2020_05_16,0.674,0.27,0.03,0.026
2020_05_17,0.674,0.276,0.036,0.014
2020_05_18,0.58,0.308,0.074,0.038
2020_05_19,0.63,0.286,0.05,0.034
2020_05_20,0.744,0.18,0.04,0.036
2020_05_21,0.504,0.448,0.03,0.018
2020_05_22,0.558,0.338,0.038,0.066
2020_05_23,0.626,0.302,0.044,0.028
2020_05_24,0.512,0.426,0.028,0.034
2020_05_25,0.554,0.4,0.026,0.02
2020_05_26,0.668,0.278,0.02,0.034
2020_05_27,0.56,0.37,0.046,0.024
2020_05_28,0.604,0.328,0.04,0.028
2020_05_29,0.636,0.27,0.04,0.054
2020_05_30,0.6104417670682731,0.3072289156626506,0.030120481927710843,0.05220883534136546
2020_05_31,0.5921658986175116,0.30414746543778803,0.06682027649769585,0.03686635944700461
2020_06_01,0.568,0.36,0.046,0.026
2020_06_02,0.616,0.312,0.036,0.036
2020_06_03,0.5699797160243407,0.3691683569979716,0.038539553752535496,0.02231237322515213
2020_06_04,0.528,0.418,0.03,0.024
2020_06_05,0.522,0.28,0.024,0.174
2020_06_06,0.654,0.244,0.036,0.066
2020_06_07,0.582,0.298,0.06,0.06
2020_06_08,0.668,0.26,0.026,0.046
2020_06_09,0.604,0.272,0.068,0.056
2020_06_10,0.41,0.488,0.04,0.062
2020_06_11,0.572,0.332,0.06,0.036
2020_06_12,0.464,0.31,0.184,0.042
2020_06_13,0.5067750677506775,0.34417344173441733,0.10298102981029811,0.04607046070460705
2020_06_14,0.41387024608501116,0.48322147651006714,0.042505592841163314,0.06040268456375839
2020_06_15,0.582,0.34,0.04,0.038
2020_06_16,0.518,0.392,0.042,0.048
2020_06_17,0.57,0.348,0.052,0.03
2020_06_18,0.5889423076923077,0.3076923076923077,0.0625,0.040865384615384616
2020_06_19,0.58,0.348,0.048,0.024
2020_06_20,0.5041322314049587,0.36639118457300274,0.07988980716253444,0.049586776859504134
2020_06_21,0.5437262357414449,0.3269961977186312,0.08745247148288973,0.04182509505703422
2020_06_22,0.5817174515235457,0.3490304709141274,0.038781163434903045,0.030470914127423823
2020_06_23,0.72,0.206,0.042,0.032
2020_06_24,0.624,0.262,0.062,0.052
2020_06_25,0.5740318906605922,0.3530751708428246,0.03189066059225513,0.04100227790432802
2020_06_26,0.6995798319327731,0.23319327731092437,0.03361344537815126,0.03361344537815126
2020_06_27,0.6779141104294478,0.2361963190184049,0.04294478527607362,0.04294478527607362
2020_06_28,0.6237942122186495,0.2508038585209003,0.07717041800643087,0.04823151125401929
2020_06_29,0.474,0.426,0.03,0.07
2020_06_30,0.5117370892018779,0.4084507042253521,0.03990610328638498,0.03990610328638498
2020_07_01,0.609254498714653,0.2544987146529563,0.05398457583547558,0.08226221079691516
2020_07_02,0.6185286103542235,0.26430517711171664,0.05722070844686648,0.05994550408719346
2020_07_03,0.6822429906542056,0.24766355140186916,0.02570093457943925,0.04439252336448598
2020_07_04,0.6196172248803827,0.19856459330143542,0.11244019138755981,0.06937799043062201
2020_07_05,0.494,0.268,0.182,0.056
2020_07_06,0.63,0.232,0.086,0.052
2020_07_07,0.6526548672566371,0.2411504424778761,0.05088495575221239,0.05530973451327434
2020_07_08,0.621867881548975,0.27790432801822323,0.04100227790432802,0.05922551252847381
2020_07_09,0.6243243243243243,0.24054054054054055,0.06486486486486487,0.07027027027027027
2020_07_10,0.732,0.176,0.026,0.066
2020_07_11,0.6615384615384615,0.23384615384615384,0.05846153846153846,0.046153846153846156
2020_07_12,0.5862068965517241,0.25517241379310346,0.07241379310344828,0.08620689655172414
2020_07_13,0.6311300639658849,0.24307036247334754,0.046908315565031986,0.07889125799573561
2020_07_14,0.7,0.228,0.042,0.03
2020_07_15,0.6116910229645094,0.2985386221294363,0.03549060542797495,0.054279749478079335
2020_07_16,0.5697115384615384,0.2980769230769231,0.0625,0.06971153846153846
2020_07_17,0.5503080082135524,0.3490759753593429,0.03285420944558522,0.06776180698151951
2020_07_18,0.6,0.2811594202898551,0.0463768115942029,0.07246376811594203
2020_07_19,0.5758513931888545,0.32507739938080493,0.05263157894736842,0.04643962848297214
2020_07_20,0.5366568914956011,0.36656891495601174,0.0469208211143695,0.04985337243401759
2020_07_21,0.5694444444444444,0.3138888888888889,0.05,0.06666666666666667
2020_07_22,0.556989247311828,0.34838709677419355,0.04086021505376344,0.053763440860215055
2020_07_23,0.5359116022099447,0.356353591160221,0.055248618784530384,0.052486187845303865
2020_07_24,0.6414565826330533,0.2549019607843137,0.04481792717086835,0.058823529411764705
2020_07_25,0.5802469135802469,0.3117283950617284,0.05246913580246913,0.05555555555555555
2020_07_26,0.5893854748603352,0.3100558659217877,0.030726256983240222,0.06983240223463687
2020_07_27,0.506,0.398,0.032,0.064
2020_07_28,0.5682451253481894,0.3203342618384401,0.04735376044568245,0.06406685236768803
2020_07_29,0.578005115089514,0.3145780051150895,0.05370843989769821,0.05370843989769821
2020_07_30,0.5813333333333334,0.30933333333333335,0.050666666666666665,0.058666666666666666
2020_07_31,0.5726256983240223,0.3268156424581006,0.055865921787709494,0.0446927374301676
2020_08_01,0.49828178694158076,0.37800687285223367,0.058419243986254296,0.06529209621993128
2020_08_02,0.5488721804511278,0.2894736842105263,0.08270676691729323,0.07894736842105263
2020_08_03,0.674,0.274,0.03,0.022
2020_08_04,0.6978260869565217,0.2391304347826087,0.030434782608695653,0.03260869565217391
2020_08_05,0.6134020618556701,0.30412371134020616,0.04381443298969072,0.03865979381443299
2020_08_06,0.6510067114093959,0.27293064876957496,0.042505592841163314,0.03355704697986577
2020_08_07,0.6388059701492538,0.26865671641791045,0.04776119402985075,0.04477611940298507
2020_08_08,0.5321428571428571,0.33214285714285713,0.060714285714285714,0.075
2020_08_09,0.4396551724137931,0.39655172413793105,0.08620689655172414,0.07758620689655173
2020_08_10,0.4984126984126984,0.33650793650793653,0.06984126984126984,0.09523809523809523
2020_08_11,0.6057007125890737,0.2684085510688836,0.09738717339667459,0.028503562945368172
2020_08_12,0.4405797101449275,0.4492753623188406,0.06376811594202898,0.0463768115942029
2020_08_13,0.5480225988700564,0.3559322033898305,0.04519774011299435,0.05084745762711865
2020_08_14,0.6051779935275081,0.3365695792880259,0.032362459546925564,0.025889967637540454
2020_08_15,0.45685279187817257,0.37055837563451777,0.06091370558375635,0.1116751269035533
2020_08_16,0.5275590551181102,0.3425196850393701,0.04330708661417323,0.08661417322834646
2020_08_17,0.5177664974619289,0.39086294416243655,0.04314720812182741,0.048223350253807105
2020_08_18,0.5567010309278351,0.32216494845360827,0.07216494845360824,0.04896907216494845
2020_08_19,0.5920245398773006,0.3159509202453988,0.05828220858895705,0.03374233128834356
2020_08_20,0.5448504983388704,0.3588039867109635,0.03322259136212625,0.06312292358803986
2020_08_21,0.4796380090497738,0.45248868778280543,0.03167420814479638,0.03619909502262444
2020_08_22,0.4965034965034965,0.32517482517482516,0.07692307692307693,0.10139860139860139
2020_08_23,0.5544554455445545,0.3564356435643564,0.033003300330033,0.056105610561056105
2020_08_24,0.5241935483870968,0.3817204301075269,0.053763440860215055,0.04032258064516129
2020_08_25,0.5425531914893617,0.31648936170212766,0.06914893617021277,0.07180851063829788
2020_08_26,0.535593220338983,0.3389830508474576,0.030508474576271188,0.09491525423728814
2020_08_27,0.5503597122302158,0.35611510791366907,0.03237410071942446,0.06115107913669065
2020_08_28,0.5371621621621622,0.3614864864864865,0.033783783783783786,0.06756756756756757
2020_08_29,0.5797101449275363,0.2753623188405797,0.057971014492753624,0.08695652173913043
2020_08_30,0.5703125,0.30859375,0.046875,0.07421875
2020_08_31,0.4864864864864865,0.33783783783783783,0.08445945945945946,0.09121621621621621
2020_09_01,0.5644171779141104,0.3006134969325153,0.06441717791411043,0.0705521472392638
2020_09_02,0.5537190082644629,0.24793388429752067,0.09641873278236915,0.10192837465564739
2020_09_03,0.546742209631728,0.37677053824362605,0.042492917847025496,0.0339943342776204
2020_09_04,0.5238095238095238,0.35555555555555557,0.06984126984126984,0.050793650793650794
2020_09_05,0.5964912280701754,0.27631578947368424,0.07017543859649122,0.05701754385964912
2020_09_06,0.5571955719557196,0.2952029520295203,0.08487084870848709,0.06273062730627306
2020_09_07,0.6148867313915858,0.32038834951456313,0.02912621359223301,0.03559870550161812
2020_09_08,0.5229681978798587,0.3321554770318021,0.10247349823321555,0.04240282685512368
2020_09_09,0.6027397260273972,0.3013698630136986,0.052054794520547946,0.043835616438356165
2020_09_10,0.5096359743040685,0.39400428265524623,0.04925053533190578,0.047109207708779445
2020_09_11,0.5576923076923077,0.3434065934065934,0.06043956043956044,0.038461538461538464
2020_09_12,0.49583333333333335,0.2916666666666667,0.15416666666666667,0.058333333333333334
2020_09_13,0.46153846153846156,0.3076923076923077,0.07264957264957266,0.1581196581196581
2020_09_14,0.42437923250564336,0.4717832957110609,0.056433408577878104,0.04740406320541761
2020_09_15,0.5187713310580204,0.3583617747440273,0.07167235494880546,0.051194539249146756
2020_09_16,0.5758426966292135,0.3258426966292135,0.05056179775280899,0.047752808988764044
2020_09_17,0.716,0.228,0.022,0.034
2020_09_18,0.726,0.212,0.05,0.012
2020_09_19,0.5396825396825397,0.3412698412698413,0.05555555555555555,0.06349206349206349
2020_09_20,0.459375,0.4375,0.03125,0.071875
2020_09_21,0.4676470588235294,0.4176470588235294,0.03235294117647059,0.08235294117647059
2020_09_22,0.4675324675324675,0.38701298701298703,0.06233766233766234,0.08311688311688312
2020_09_23,0.5116279069767442,0.34593023255813954,0.04941860465116279,0.09302325581395349
2020_09_24,0.5222551928783383,0.3353115727002967,0.04747774480712166,0.09495548961424333
2020_09_25,0.5889212827988338,0.31486880466472306,0.026239067055393587,0.06997084548104957
2020_09_26,0.6145833333333334,0.296875,0.046875,0.041666666666666664
2020_09_27,0.5989847715736041,0.2639593908629442,0.07614213197969544,0.06091370558375635
2020_09_28,0.5675675675675675,0.33204633204633205,0.04633204633204633,0.05405405405405406
2020_09_29,0.5914396887159533,0.29571984435797666,0.038910505836575876,0.07392996108949416
2020_09_30,0.44642857142857145,0.41964285714285715,0.05654761904761905,0.07738095238095238
2020_10_01,0.49800796812749004,0.350597609561753,0.055776892430278883,0.09561752988047809
2020_10_02,0.547945205479452,0.3321917808219178,0.04452054794520548,0.07534246575342465
2020_10_03,0.6332179930795848,0.24567474048442905,0.06920415224913495,0.05190311418685121
2020_10_04,0.6027397260273972,0.2694063926940639,0.0639269406392694,0.0639269406392694
2020_10_05,0.6693386773547094,0.2605210420841683,0.02404809619238477,0.04609218436873747
2020_10_06,0.4880382775119617,0.41626794258373206,0.04784688995215311,0.04784688995215311
2020_10_07,0.5422343324250681,0.3542234332425068,0.03814713896457766,0.0653950953678474
2020_10_08,0.535031847133758,0.3248407643312102,0.09341825902335456,0.04670912951167728
2020_10_09,0.5228070175438596,0.34385964912280703,0.05263157894736842,0.08070175438596491
2020_10_10,0.5714285714285714,0.27310924369747897,0.06722689075630252,0.08823529411764706
2020_10_11,0.5714285714285714,0.26373626373626374,0.04395604395604396,0.12087912087912088
2020_10_12,0.6398963730569949,0.24352331606217617,0.038860103626943004,0.07772020725388601
2020_10_13,0.5770925110132159,0.3370044052863436,0.06167400881057269,0.024229074889867842
2020_10_14,0.5145348837209303,0.36627906976744184,0.06686046511627906,0.05232558139534884
2020_10_15,0.5746421267893661,0.39059304703476483,0.014314928425357873,0.02044989775051125
2020_10_16,0.5667574931880109,0.31607629427792916,0.043596730245231606,0.07356948228882834
2020_10_17,0.5576923076923077,0.34615384615384615,0.03076923076923077,0.06538461538461539
2020_10_18,0.6348547717842323,0.2697095435684647,0.04149377593360996,0.05394190871369295
2020_10_19,0.5756302521008403,0.3739495798319328,0.025210084033613446,0.025210084033613446
2020_10_20,0.6065573770491803,0.3325526932084309,0.03747072599531616,0.0234192037470726
2020_10_21,0.5910364145658263,0.30532212885154064,0.05042016806722689,0.05322128851540616
2020_10_22,0.6122448979591837,0.3129251700680272,0.04421768707482993,0.030612244897959183
2020_10_23,0.5435540069686411,0.30313588850174217,0.07317073170731707,0.08013937282229965
2020_10_24,0.6,0.24705882352941178,0.09803921568627451,0.054901960784313725
2020_10_25,0.6286919831223629,0.270042194092827,0.06329113924050633,0.0379746835443038
2020_10_26,0.6579804560260586,0.26058631921824105,0.04560260586319218,0.035830618892508145
2020_10_27,0.6376811594202898,0.25,0.050724637681159424,0.06159420289855073
2020_10_28,0.5991902834008097,0.2550607287449393,0.0728744939271255,0.0728744939271255
2020_10_29,0.5975903614457831,0.3156626506024096,0.033734939759036145,0.05301204819277108
2020_10_30,0.5828729281767956,0.3011049723756906,0.06077348066298342,0.055248618784530384
2020_10_31,0.6854304635761589,0.2251655629139073,0.026490066225165563,0.06291390728476821
2020_11_01,0.6354515050167224,0.22742474916387959,0.06020066889632107,0.07692307692307693
2020_11_02,0.6614906832298136,0.2236024844720497,0.055900621118012424,0.059006211180124224
2020_11_03,0.5,0.41,0.05333333333333334,0.03666666666666667
2020_11_04,0.4973821989528796,0.38219895287958117,0.07329842931937172,0.04712041884816754
2020_11_05,0.4956140350877193,0.42543859649122806,0.04824561403508772,0.03070175438596491
2020_11_06,0.591304347826087,0.26956521739130435,0.0782608695652174,0.06086956521739131
2020_11_07,0.5828571428571429,0.24571428571428572,0.10857142857142857,0.06285714285714286
2020_11_08,0.5977011494252874,0.2988505747126437,0.04597701149425287,0.05747126436781609
2020_11_09,0.5875,0.28125,0.04375,0.0875
2020_11_10,0.5040431266846361,0.38274932614555257,0.07816711590296496,0.03504043126684636
2020_11_11,0.5863746958637469,0.340632603406326,0.024330900243309004,0.04866180048661801
2020_11_12,0.5522388059701493,0.3194029850746269,0.056716417910447764,0.07164179104477612
2020_11_13,0.5382165605095541,0.30254777070063693,0.09872611464968153,0.06050955414012739
2020_11_14,0.601063829787234,0.2553191489361702,0.07446808510638298,0.06914893617021277
2020_11_15,0.5274725274725275,0.2893772893772894,0.0695970695970696,0.11355311355311355
2020_11_16,0.5968379446640316,0.2924901185770751,0.04743083003952569,0.06324110671936758
2020_11_17,0.5514018691588785,0.3364485981308411,0.04672897196261682,0.06542056074766354
2020_11_18,0.4529262086513995,0.4223918575063613,0.06615776081424936,0.058524173027989825
2020_11_19,0.6573033707865169,0.24719101123595505,0.05056179775280899,0.0449438202247191
2020_11_20,0.6354430379746835,0.29620253164556964,0.03291139240506329,0.035443037974683546
2020_11_21,0.658,0.276,0.04,0.026
2020_11_22,0.6532258064516129,0.2849462365591398,0.02956989247311828,0.03225806451612903
2020_11_23,0.6190476190476191,0.2962962962962963,0.05555555555555555,0.0291005291005291
2020_11_24,0.6325088339222615,0.254416961130742,0.05653710247349823,0.05653710247349823
2020_11_25,0.5065359477124183,0.39869281045751637,0.0457516339869281,0.049019607843137254
2020_11_26,0.5810276679841897,0.2885375494071146,0.06719367588932806,0.06324110671936758
2020_11_27,0.49454545454545457,0.33090909090909093,0.09090909090909091,0.08363636363636363
2020_11_28,0.5581395348837209,0.31976744186046513,0.0872093023255814,0.03488372093023256
2020_11_29,0.4513888888888889,0.4097222222222222,0.04513888888888889,0.09375
2020_11_30,0.4281767955801105,0.4696132596685083,0.03314917127071823,0.06906077348066299
2020_12_01,0.5432525951557093,0.3356401384083045,0.058823529411764705,0.06228373702422145
2020_12_02,0.4835164835164835,0.42857142857142855,0.040293040293040296,0.047619047619047616
2020_12_03,0.5855513307984791,0.30798479087452474,0.060836501901140684,0.045627376425855515
2020_12_04,0.5478927203065134,0.3218390804597701,0.07662835249042145,0.05363984674329502
2020_12_05,0.5285714285714286,0.30952380952380953,0.09523809523809523,0.06666666666666667
2020_12_06,0.6222222222222222,0.20555555555555555,0.11666666666666667,0.05555555555555555
2020_12_07,0.5859375,0.3098958333333333,0.0390625,0.06510416666666667
2020_12_08,0.5953002610966057,0.2898172323759791,0.04960835509138381,0.06527415143603134
2020_12_09,0.71,0.228,0.03,0.032
2020_12_10,0.7270788912579957,0.2046908315565032,0.031982942430703626,0.03624733475479744
2020_12_11,0.5543478260869565,0.3333333333333333,0.05434782608695652,0.057971014492753624
2020_12_12,0.5879120879120879,0.24725274725274726,0.08241758241758242,0.08241758241758242
2020_12_13,0.6054054054054054,0.2648648648648649,0.05945945945945946,0.07027027027027027
2020_12_14,0.568,0.368,0.026,0.038
2020_12_15,0.5705128205128205,0.36752136752136755,0.023504273504273504,0.038461538461538464
2020_12_16,0.5148247978436657,0.3746630727762803,0.06199460916442048,0.04851752021563342
2020_12_17,0.542,0.216,0.128,0.114
2020_12_18,0.506426735218509,0.3676092544987147,0.07712082262210797,0.04884318766066838
2020_12_19,0.6443661971830986,0.23591549295774647,0.07746478873239436,0.04225352112676056
2020_12_20,0.6145454545454545,0.24727272727272728,0.06181818181818182,0.07636363636363637
2020_12_21,0.4928909952606635,0.4194312796208531,0.045023696682464455,0.04265402843601896
2020_12_22,0.5776805251641138,0.3479212253829322,0.037199124726477024,0.037199124726477024
2020_12_23,0.562,0.358,0.048,0.032
2020_12_24,0.692,0.23,0.028,0.05
2020_12_25,0.4883720930232558,0.35348837209302325,0.06976744186046512,0.08837209302325581
2020_12_26,0.5244444444444445,0.3511111111111111,0.05333333333333334,0.07111111111111111
2020_12_27,0.596875,0.290625,0.065625,0.046875
2020_12_28,0.6158536585365854,0.2652439024390244,0.06402439024390244,0.054878048780487805
2020_12_29,0.6254545454545455,0.24,0.05454545454545454,0.08
2020_12_30,0.46218487394957986,0.47478991596638653,0.031512605042016806,0.031512605042016806
2020_12_31,0.584375,0.3,0.065625,0.05
2021_01_01,0.6666666666666666,0.24774774774774774,0.04054054054054054,0.04504504504504504
2021_01_02,0.625,0.23076923076923078,0.09615384615384616,0.04807692307692308
2021_01_03,0.6768558951965066,0.17467248908296942,0.0611353711790393,0.08733624454148471
2021_01_04,0.71,0.16,0.046,0.084
2021_01_05,0.716,0.118,0.036,0.13
2021_01_06,0.7205128205128205,0.18974358974358974,0.035897435897435895,0.05384615384615385
2021_01_07,0.6103896103896104,0.2813852813852814,0.0735930735930736,0.03463203463203463
2021_01_08,0.6514522821576764,0.25933609958506226,0.04564315352697095,0.043568464730290454
2021_01_09,0.6305084745762712,0.2305084745762712,0.061016949152542375,0.07796610169491526
2021_01_10,0.46153846153846156,0.2455621301775148,0.1804733727810651,0.11242603550295859
2021_01_11,0.6723404255319149,0.1702127659574468,0.08085106382978724,0.07659574468085106
2021_01_12,0.5292553191489362,0.2712765957446808,0.06648936170212766,0.13297872340425532
2021_01_13,0.5988023952095808,0.26646706586826346,0.05389221556886228,0.08083832335329341
2021_01_14,0.6871657754010695,0.22994652406417113,0.0427807486631016,0.040106951871657755
2021_01_15,0.6214285714285714,0.25357142857142856,0.08928571428571429,0.03571428571428571
2021_01_16,0.5564853556485355,0.3389121338912134,0.06276150627615062,0.04184100418410042
2021_01_17,0.5294117647058824,0.3737024221453287,0.06228373702422145,0.03460207612456748
2021_01_18,0.6118881118881119,0.28321678321678323,0.05244755244755245,0.05244755244755245
2021_01_19,0.6519174041297935,0.26843657817109146,0.05014749262536873,0.029498525073746312
2021_01_20,0.5625,0.3784722222222222,0.034722222222222224,0.024305555555555556
2021_01_21,0.6349809885931559,0.29277566539923955,0.03802281368821293,0.034220532319391636
2021_01_22,0.6172506738544474,0.3045822102425876,0.05929919137466307,0.018867924528301886
2021_01_23,0.59765625,0.2890625,0.06640625,0.046875
2021_01_24,0.6556603773584906,0.22169811320754718,0.03773584905660377,0.08490566037735849
2021_01_25,0.654485049833887,0.21926910299003322,0.053156146179401995,0.07308970099667775
2021_01_26,0.7142857142857143,0.19047619047619047,0.03361344537815126,0.06162464985994398
2021_01_27,0.6974789915966386,0.21288515406162464,0.04201680672268908,0.047619047619047616
2021_01_28,0.7202797202797203,0.2097902097902098,0.04195804195804196,0.027972027972027972
2021_01_29,0.5765765765765766,0.30930930930930933,0.04504504504504504,0.06906906906906907
2021_01_30,0.6334841628959276,0.2850678733031674,0.05429864253393665,0.027149321266968326
2021_01_31,0.6742857142857143,0.18285714285714286,0.08,0.06285714285714286
2021_02_01,0.6779026217228464,0.2247191011235955,0.033707865168539325,0.06367041198501873
2021_02_02,0.6074074074074074,0.2518518518518518,0.06296296296296296,0.07777777777777778
2021_02_03,0.6111111111111112,0.29365079365079366,0.047619047619047616,0.047619047619047616
2021_02_04,0.5767790262172284,0.30711610486891383,0.0449438202247191,0.07116104868913857
2021_02_05,0.6926406926406926,0.23809523809523808,0.030303030303030304,0.03896103896103896
2021_02_06,0.6650943396226415,0.2169811320754717,0.0660377358490566,0.05188679245283019
2021_02_07,0.6548223350253807,0.2639593908629442,0.04060913705583756,0.04060913705583756
2021_02_08,0.618421052631579,0.2982456140350877,0.03508771929824561,0.04824561403508772
2021_02_09,0.5941422594142259,0.28870292887029286,0.04184100418410042,0.07531380753138076
2021_02_10,0.5964912280701754,0.2982456140350877,0.05263157894736842,0.05263157894736842
2021_02_11,0.525691699604743,0.3675889328063241,0.04743083003952569,0.05928853754940711
2021_02_12,0.5865384615384616,0.2932692307692308,0.057692307692307696,0.0625
2021_02_13,0.5263157894736842,0.26973684210526316,0.07236842105263158,0.13157894736842105
2021_02_14,0.5379310344827586,0.22758620689655173,0.0896551724137931,0.14482758620689656
2021_02_15,0.7087628865979382,0.18814432989690721,0.059278350515463915,0.04381443298969072
2021_02_16,0.672782874617737,0.21712538226299694,0.06422018348623854,0.045871559633027525
2021_02_17,0.5878594249201278,0.30990415335463256,0.04792332268370607,0.054313099041533544
2021_02_18,0.49444444444444446,0.37777777777777777,0.07222222222222222,0.05555555555555555
2021_02_19,0.4959677419354839,0.3467741935483871,0.06048387096774194,0.0967741935483871
2021_02_20,0.5897435897435898,0.25,0.07692307692307693,0.08333333333333333
2021_02_21,0.6631016042780749,0.22459893048128343,0.058823529411764705,0.053475935828877004
2021_02_22,0.5924170616113744,0.3222748815165877,0.03317535545023697,0.052132701421800945
2021_02_23,0.5311203319502075,0.29045643153526973,0.0912863070539419,0.08713692946058091
2021_02_24,0.6286764705882353,0.2977941176470588,0.04779411764705882,0.025735294117647058
2021_02_25,0.5912408759124088,0.3175182481751825,0.043795620437956206,0.04744525547445255
2021_02_26,0.6509009009009009,0.20945945945945946,0.038288288288288286,0.10135135135135136
2021_02_27,0.6130952380952381,0.24404761904761904,0.041666666666666664,0.10119047619047619
2021_02_28,0.5743243243243243,0.2905405405405405,0.033783783783783786,0.10135135135135136
2021_03_01,0.5948275862068966,0.23706896551724138,0.0603448275862069,0.10775862068965517
2021_03_02,0.5736040609137056,0.26903553299492383,0.06598984771573604,0.09137055837563451
2021_03_03,0.6019417475728155,0.2912621359223301,0.03398058252427184,0.07281553398058252
2021_03_04,0.6187845303867403,0.24861878453038674,0.04419889502762431,0.08839779005524862
2021_03_05,0.602803738317757,0.26635514018691586,0.08411214953271028,0.04672897196261682
2021_03_06,0.6264367816091954,0.20114942528735633,0.08620689655172414,0.08620689655172414
2021_03_07,0.6296296296296297,0.2518518518518518,0.07407407407407407,0.044444444444444446
2021_03_08,0.4642857142857143,0.4336734693877551,0.03571428571428571,0.0663265306122449
2021_03_09,0.5,0.36893203883495146,0.04854368932038835,0.0825242718446602
2021_03_10,0.56353591160221,0.3259668508287293,0.055248618784530384,0.055248618784530384
2021_03_11,0.5260416666666666,0.3333333333333333,0.07291666666666667,0.06770833333333333
2021_03_12,0.5276073619631901,0.31901840490797545,0.08588957055214724,0.06748466257668712
2021_03_13,0.6217948717948718,0.2564102564102564,0.03205128205128205,0.08974358974358974
2021_03_14,0.7266666666666667,0.17333333333333334,0.03,0.07
2021_03_15,0.6755725190839694,0.22137404580152673,0.04198473282442748,0.061068702290076333
2021_03_16,0.6307053941908713,0.23236514522821577,0.06224066390041494,0.07468879668049792
2021_03_17,0.6422018348623854,0.2798165137614679,0.03669724770642202,0.04128440366972477
2021_03_18,0.5327510917030568,0.3537117903930131,0.056768558951965066,0.056768558951965066
2021_03_19,0.5742574257425742,0.3118811881188119,0.039603960396039604,0.07425742574257425
2021_03_20,0.5367647058823529,0.2647058823529412,0.08088235294117647,0.11764705882352941
2021_03_21,0.59375,0.2375,0.08125,0.0875
2021_03_22,0.5943396226415094,0.2358490566037736,0.08962264150943396,0.08018867924528301
2021_03_23,0.573076923076923,0.3192307692307692,0.038461538461538464,0.06923076923076923
2021_03_24,0.5723270440251572,0.34591194968553457,0.03773584905660377,0.0440251572327044
2021_03_25,0.5726872246696035,0.2775330396475771,0.05726872246696035,0.09251101321585903
2021_03_26,0.49710982658959535,0.34104046242774566,0.09826589595375723,0.06358381502890173
2021_03_27,0.6357615894039735,0.26490066225165565,0.059602649006622516,0.039735099337748346
2021_03_28,0.5405405405405406,0.3063063063063063,0.05405405405405406,0.0990990990990991
2021_03_29,0.5913978494623656,0.26344086021505375,0.08064516129032258,0.06451612903225806
2021_03_30,0.6601941747572816,0.24271844660194175,0.04854368932038835,0.04854368932038835
2021_03_31,0.605,0.28,0.07,0.045
2021_04_01,0.5111111111111111,0.3111111111111111,0.06666666666666667,0.1111111111111111
2021_04_02,0.6285714285714286,0.21714285714285714,0.09714285714285714,0.05714285714285714
2021_04_03,0.5721649484536082,0.30927835051546393,0.061855670103092786,0.05670103092783505
2021_04_04,0.6078431372549019,0.26143790849673204,0.08496732026143791,0.0457516339869281
2021_04_05,0.4491017964071856,0.47604790419161674,0.020958083832335328,0.05389221556886228
2021_04_06,0.4798657718120805,0.4161073825503356,0.04697986577181208,0.05704697986577181
2021_04_07,0.6166134185303515,0.24600638977635783,0.0926517571884984,0.04472843450479233
2021_04_08,0.6282051282051282,0.23504273504273504,0.08974358974358974,0.04700854700854701
2021_04_09,0.5849056603773585,0.25,0.09905660377358491,0.0660377358490566
2021_04_10,0.5934959349593496,0.2682926829268293,0.11382113821138211,0.024390243902439025
2021_04_11,0.5914634146341463,0.29878048780487804,0.04878048780487805,0.06097560975609756
2021_04_12,0.5344262295081967,0.3901639344262295,0.036065573770491806,0.03934426229508197
2021_04_13,0.6385964912280702,0.24912280701754386,0.06315789473684211,0.04912280701754386
2021_04_14,0.6455223880597015,0.2574626865671642,0.04477611940298507,0.05223880597014925
2021_04_15,0.5905511811023622,0.28346456692913385,0.05511811023622047,0.07086614173228346
2021_04_16,0.6171171171171171,0.26576576576576577,0.06306306306306306,0.05405405405405406
2021_04_17,0.6206896551724138,0.2988505747126437,0.05747126436781609,0.022988505747126436
2021_04_18,0.5872093023255814,0.3023255813953488,0.0755813953488372,0.03488372093023256
2021_04_19,0.6078431372549019,0.2549019607843137,0.06274509803921569,0.07450980392156863
2021_04_20,0.5423728813559322,0.3389830508474576,0.03389830508474576,0.0847457627118644
2021_04_21,0.5852090032154341,0.2829581993569132,0.08038585209003216,0.05144694533762058
2021_04_22,0.625,0.3029661016949153,0.0423728813559322,0.029661016949152543
2021_04_23,0.6377551020408163,0.2653061224489796,0.05612244897959184,0.04081632653061224
2021_04_24,0.568019093078759,0.32935560859188545,0.045346062052505964,0.057279236276849645
2021_04_25,0.5325301204819277,0.327710843373494,0.0746987951807229,0.06506024096385542
2021_04_26,0.608,0.32,0.038,0.034
2021_04_27,0.654,0.28,0.042,0.024
2021_04_28,0.5666666666666667,0.34375,0.0625,0.027083333333333334
2021_04_29,0.5389908256880734,0.3532110091743119,0.07110091743119266,0.03669724770642202
2021_04_30,0.6054421768707483,0.31065759637188206,0.045351473922902494,0.03854875283446712
2021_05_01,0.6612529002320185,0.2482598607888631,0.058004640371229696,0.03248259860788863
2021_05_02,0.576271186440678,0.2711864406779661,0.11186440677966102,0.04067796610169491
2021_05_03,0.6046511627906976,0.2837209302325581,0.07209302325581396,0.03953488372093023
2021_05_04,0.716,0.198,0.05,0.036
2021_05_05,0.628,0.284,0.05,0.038
2021_05_06,0.638121546961326,0.2845303867403315,0.04143646408839779,0.03591160220994475
2021_05_07,0.6502732240437158,0.2568306010928962,0.05737704918032787,0.03551912568306011
2021_05_08,0.553623188405797,0.3652173913043478,0.057971014492753624,0.02318840579710145
2021_05_09,0.643598615916955,0.30103806228373703,0.01730103806228374,0.03806228373702422
2021_05_10,0.5,0.456,0.024,0.02
2021_05_11,0.706,0.23,0.032,0.032
2021_05_12,0.5973684210526315,0.27631578947368424,0.08157894736842106,0.04473684210526316
2021_05_13,0.7175792507204611,0.1930835734870317,0.05763688760806916,0.03170028818443804
2021_05_14,0.77,0.19,0.028,0.012
2021_05_15,0.696,0.23,0.05,0.024
2021_05_16,0.648,0.272,0.038,0.042
2021_05_17,0.754,0.186,0.024,0.036
2021_05_18,0.75,0.19,0.022,0.038
2021_05_19,0.774,0.112,0.046,0.068
2021_05_20,0.774,0.14,0.062,0.024
2021_05_21,0.708,0.202,0.06,0.03
2021_05_22,0.7004716981132075,0.18160377358490565,0.05660377358490566,0.06132075471698113
2021_05_23,0.5945945945945946,0.2972972972972973,0.07297297297297298,0.03513513513513514
2021_05_24,0.526,0.328,0.024,0.122
2021_05_25,0.558,0.352,0.04,0.05
2021_05_26,0.621867881548975,0.24145785876993167,0.07517084282460136,0.06150341685649203
2021_05_27,0.6385281385281385,0.19264069264069264,0.03463203463203463,0.1341991341991342
2021_05_28,0.6759259259259259,0.22685185185185186,0.06018518518518518,0.037037037037037035
2021_05_29,0.6514084507042254,0.24295774647887325,0.07746478873239436,0.028169014084507043
2021_05_30,0.6120996441281139,0.25622775800711745,0.10676156583629894,0.02491103202846975
2021_05_31,0.602,0.292,0.06,0.046
2021_06_01,0.6708860759493671,0.2689873417721519,0.04113924050632911,0.0189873417721519
2021_06_02,0.6797583081570997,0.2175226586102719,0.05740181268882175,0.045317220543806644
2021_06_03,0.6139240506329114,0.27531645569620256,0.05063291139240506,0.060126582278481014
2021_06_04,0.5186046511627908,0.22790697674418606,0.19767441860465115,0.05581395348837209
2021_06_05,0.5476190476190477,0.2571428571428571,0.14761904761904762,0.047619047619047616
2021_06_06,0.594059405940594,0.2722772277227723,0.09405940594059406,0.039603960396039604
2021_06_07,0.6341463414634146,0.2601626016260163,0.06097560975609756,0.044715447154471545
2021_06_08,0.6582278481012658,0.2320675105485232,0.05485232067510549,0.05485232067510549
2021_06_09,0.7018633540372671,0.2080745341614907,0.024844720496894408,0.06521739130434782
2021_06_10,0.6090909090909091,0.3181818181818182,0.03636363636363636,0.03636363636363636
2021_06_11,0.6178343949044586,0.28662420382165604,0.06687898089171974,0.028662420382165606
2021_06_12,0.6108108108108108,0.2648648648648649,0.08648648648648649,0.03783783783783784
2021_06_13,0.6948051948051948,0.22727272727272727,0.03896103896103896,0.03896103896103896
2021_06_14,0.5606060606060606,0.35858585858585856,0.04040404040404041,0.04040404040404041
2021_06_15,0.5396825396825397,0.30687830687830686,0.0582010582010582,0.09523809523809523
2021_06_16,0.5939849624060151,0.2744360902255639,0.05263157894736842,0.07894736842105263
2021_06_17,0.6171875,0.24609375,0.0546875,0.08203125
2021_06_18,0.6871657754010695,0.2192513368983957,0.0481283422459893,0.045454545454545456
2021_06_19,0.7170418006430869,0.17041800643086816,0.06109324758842444,0.05144694533762058
2021_06_20,0.6590909090909091,0.24545454545454545,0.031818181818181815,0.06363636363636363
2021_06_21,0.678343949044586,0.1942675159235669,0.07643312101910828,0.050955414012738856
2021_06_22,0.6515837104072398,0.26244343891402716,0.04524886877828054,0.04072398190045249
2021_06_23,0.587360594795539,0.32342007434944237,0.05204460966542751,0.03717472118959108
2021_06_24,0.6,0.352,0.028,0.02
2021_06_25,0.6559139784946236,0.22580645161290322,0.06093189964157706,0.05734767025089606
2021_06_26,0.7441253263707572,0.1801566579634465,0.05483028720626632,0.020887728459530026
2021_06_27,0.788,0.152,0.028,0.032
2021_06_28,0.766,0.172,0.032,0.03
2021_06_29,0.744,0.198,0.03,0.028
2021_06_30,0.79,0.15,0.032,0.028
2021_07_01,0.7226107226107226,0.21445221445221446,0.04428904428904429,0.018648018648018648
2021_07_02,0.745049504950495,0.1905940594059406,0.034653465346534656,0.0297029702970297
2021_07_03,0.6833855799373041,0.2225705329153605,0.05642633228840126,0.03761755485893417
2021_07_04,0.6278195488721805,0.2932330827067669,0.045112781954887216,0.03383458646616541
2021_07_05,0.731006160164271,0.22792607802874743,0.026694045174537988,0.014373716632443531
2021_07_06,0.72,0.22,0.036,0.024
2021_07_07,0.712,0.224,0.026,0.038
2021_07_08,0.760989010989011,0.2032967032967033,0.019230769230769232,0.016483516483516484
2021_07_09,0.7240356083086054,0.20474777448071216,0.04154302670623145,0.02967359050445104
2021_07_10,0.6096096096096096,0.2972972972972973,0.06906906906906907,0.024024024024024024
2021_07_11,0.6379310344827587,0.2655172413793103,0.06896551724137931,0.027586206896551724
2021_07_12,0.6736526946107785,0.25748502994011974,0.03592814371257485,0.03293413173652695
2021_07_13,0.7090301003344481,0.20735785953177258,0.046822742474916385,0.03678929765886288
2021_07_14,0.72,0.198,0.042,0.04
2021_07_15,0.6494845360824743,0.27422680412371137,0.041237113402061855,0.03505154639175258
2021_07_16,0.7253218884120172,0.21244635193133046,0.02575107296137339,0.03648068669527897
2021_07_17,0.824,0.124,0.04,0.012
2021_07_18,0.6555555555555556,0.2611111111111111,0.058333333333333334,0.025
2021_07_19,0.6778947368421052,0.24210526315789474,0.04631578947368421,0.03368421052631579
2021_07_20,0.762,0.158,0.052,0.028
2021_07_21,0.7458432304038005,0.20665083135391923,0.028503562945368172,0.019002375296912115
2021_07_22,0.7249417249417249,0.22377622377622378,0.04195804195804196,0.009324009324009324
2021_07_23,0.742,0.21,0.034,0.014
2021_07_24,0.7995594713656388,0.15859030837004406,0.030837004405286344,0.011013215859030838
2021_07_25,0.7365079365079366,0.19682539682539682,0.03492063492063492,0.031746031746031744
2021_07_26,0.6546184738955824,0.29116465863453816,0.0321285140562249,0.02208835341365462
2021_07_27,0.6832151300236406,0.2364066193853428,0.02364066193853428,0.05673758865248227
2021_07_28,0.770935960591133,0.18472906403940886,0.027093596059113302,0.017241379310344827
2021_07_29,0.6785714285714286,0.2694805194805195,0.032467532467532464,0.01948051948051948
2021_07_30,0.7147147147147147,0.2132132132132132,0.024024024024024024,0.04804804804804805
2021_07_31,0.7538461538461538,0.18846153846153846,0.03076923076923077,0.026923076923076925
2021_08_01,0.6118721461187214,0.2876712328767123,0.0502283105022831,0.0502283105022831
2021_08_02,0.650375939849624,0.2556390977443609,0.06766917293233082,0.02631578947368421
2021_08_03,0.659016393442623,0.23934426229508196,0.05573770491803279,0.04590163934426229
2021_08_04,0.5738831615120275,0.2920962199312715,0.09965635738831616,0.03436426116838488
2021_08_05,0.6994535519125683,0.15846994535519127,0.12295081967213115,0.01912568306010929
2021_08_06,0.647450110864745,0.2860310421286031,0.04434589800443459,0.022172949002217297
2021_08_07,0.7027027027027027,0.23723723723723725,0.03303303303303303,0.02702702702702703
2021_08_08,0.6739130434782609,0.23043478260869565,0.034782608695652174,0.06086956521739131
2021_08_09,0.6045627376425855,0.26996197718631176,0.049429657794676805,0.07604562737642585
2021_08_10,0.6153846153846154,0.2902097902097902,0.045454545454545456,0.04895104895104895
2021_08_11,0.6115107913669064,0.2841726618705036,0.03597122302158273,0.0683453237410072
2021_08_12,0.683206106870229,0.22519083969465647,0.04198473282442748,0.04961832061068702
